___________y=5x+2___________
x     |  y
-2:   |-8.0
-1.5: |-5.5
-1:   |-3.0
-0.5: |-0.5
0:    |2.0
0.1:  |2.5
0.5:  |4.5
1:    |7.0
1.5:  |9.5
2:    |12.0
2:    |NaN
___________y=5x+2(actual values)___________
-2.0:   |-8.0
-1.0:   |-3.0
0.0:   |2.0
1.0:   |7.0
2.0:   |12.0
___________y=2x^3___________
x     |  y
-3:   |-54.0
-2:   |-36.0
-1:   |-18.0
0:   |0.0
1:    |18.0
2:    |36.0
3:    |54.0
___________y=2x^3(actual values)___________
x     |  y
-3.0:   |-54.0
-1.0:   |-2.0
1.0:   |2.0
3.0:   |54.0
___________y=2x^3(actual values) (updated)___________
x     |  y
0.0:   |0.0
1.0:   |2.0
2.0:   |16.0
___________y=2x^3 (updated)___________
x     |  y
-3:   |NaN
-2:   |NaN
-1:   |NaN
0:   |0.0
1:    |8.0
2:    |16.0
3:    |NaN
Let's test resizing....... and add some stuff
___________y=2x^3(actual values) (+ 9 points 0.1-0.9)___________
x     |  y
0.0:   |0.0
0.1:   |0.002
0.2:   |0.016
0.3:   |0.054
0.4:   |0.128
0.5:   |0.25
0.6:   |0.432
0.7:   |0.686
0.8:   |1.024
0.9:   |1.458
1.0:   |2.0
2.0:   |16.0
___________constructor exceptions___________
Left border (3.0) should be smaller than the right one (-3.0)
The number of points should not be less than 2
Index 4 is out of bounds (0 -4)
Index 5 is out of bounds (0 -4)
Index 6 is out of bounds (0 -4)
Index 7 is out of bounds (0 -4)
Index 8 is out of bounds (0 -4)
Index 9 is out of bounds (0 -4)
Index 10 is out of bounds (0 -4)
Provided value of x 4.0 is out of bounds at index 2
Provided value of x 138.0 is out of bounds at index 1
Given value of x -3.0 already exists with value -54.0
Size after deletion is less than 3
X values are out of order: -1.0, 0.0, 1.0, 2.0, -5.0, ...
___________optimizations___________
At index 5:-6.0
At index 8:-9.0
At index 6:-7.0
[34;40;1m____trig functions___________________________________________________________________________________________[0m
[35;40;1m___________sin___________[0m
0 | 0
0.1 | 0.1
0.2 | 0.199
0.3 | 0.296
0.4 | 0.389
0.5 | 0.479
0.6 | 0.565
0.7 | 0.644
0.8 | 0.717
0.9 | 0.783
1 | 0.841
1.1 | 0.891
1.2 | 0.932
1.3 | 0.964
1.4 | 0.985
1.5 | 0.997
1.6 | 1
1.7 | 0.992
1.8 | 0.974
1.9 | 0.946
2 | 0.909
2.1 | 0.863
2.2 | 0.808
2.3 | 0.746
2.4 | 0.675
2.5 | 0.598
2.6 | 0.516
2.7 | 0.427
2.8 | 0.335
2.9 | 0.239
3 | 0.141
3.1 | 0.042
3.2 | -0.058
3.3 | -0.158
3.4 | -0.256
3.5 | -0.351
3.6 | -0.443
3.7 | -0.53
3.8 | -0.612
3.9 | -0.688
4 | -0.757
4.1 | -0.818
4.2 | -0.872
4.3 | -0.916
4.4 | -0.952
4.5 | -0.978
4.6 | -0.994
4.7 | -1
4.8 | -0.996
4.9 | -0.982
5 | -0.959
5.1 | -0.926
5.2 | -0.883
5.3 | -0.832
5.4 | -0.773
5.5 | -0.706
5.6 | -0.631
5.7 | -0.551
5.8 | -0.465
5.9 | -0.374
6 | -0.279
6.1 | -0.182
6.2 | -0.083
[35;40;1m___________cos___________[0m
0 | 1
0.1 | 0.995
0.2 | 0.98
0.3 | 0.955
0.4 | 0.921
0.5 | 0.878
0.6 | 0.825
0.7 | 0.765
0.8 | 0.697
0.9 | 0.622
1 | 0.54
1.1 | 0.454
1.2 | 0.362
1.3 | 0.267
1.4 | 0.17
1.5 | 0.071
1.6 | -0.029
1.7 | -0.129
1.8 | -0.227
1.9 | -0.323
2 | -0.416
2.1 | -0.505
2.2 | -0.589
2.3 | -0.666
2.4 | -0.737
2.5 | -0.801
2.6 | -0.857
2.7 | -0.904
2.8 | -0.942
2.9 | -0.971
3 | -0.99
3.1 | -0.999
3.2 | -0.998
3.3 | -0.987
3.4 | -0.967
3.5 | -0.936
3.6 | -0.897
3.7 | -0.848
3.8 | -0.791
3.9 | -0.726
4 | -0.654
4.1 | -0.575
4.2 | -0.49
4.3 | -0.401
4.4 | -0.307
4.5 | -0.211
4.6 | -0.112
4.7 | -0.012
4.8 | 0.087
4.9 | 0.187
5 | 0.284
5.1 | 0.378
5.2 | 0.469
5.3 | 0.554
5.4 | 0.635
5.5 | 0.709
5.6 | 0.776
5.7 | 0.835
5.8 | 0.886
5.9 | 0.927
6 | 0.96
6.1 | 0.983
6.2 | 0.997
[34;40;1m____trig functions (tabulated)___________________________________________________________________________________________[0m
[35;40;1m___________sin (tabulated)___________[0m
0 | 0
0.1 | -0
0.2 | -0
0.3 | -0
0.4 | -0
0.5 | -0
0.6 | -0
0.7 | -0
0.8 | -0
0.9 | -0
1 | -0
1.1 | -0
1.2 | -0
1.3 | -0
1.4 | -0
1.5 | -0
1.6 | -0
1.7 | -0
1.8 | -0
1.9 | -0
2 | -0
2.1 | -0
2.2 | -0
2.3 | -0
2.4 | -0
2.5 | -0
2.6 | -0
2.7 | -0
2.8 | -0
2.9 | -0
3 | -0
3.1 | -0
3.2 | -0
3.3 | -0
3.4 | -0
3.5 | -0
3.6 | -0
3.7 | -0
3.8 | -0
3.9 | -0
4 | -0
4.1 | -0
4.2 | -0
4.3 | -0
4.4 | -0
4.5 | -0
4.6 | -0
4.7 | -0
4.8 | -0
4.9 | -0
5 | -0
5.1 | -0
5.2 | -0
5.3 | -0
5.4 | -0
5.5 | -0
5.6 | -0
5.7 | -0
5.8 | -0
5.9 | -0
6 | -0
6.1 | -0
6.2 | -0
[35;40;1m___________cos (tabulated)___________[0m
0 | 1
0.1 | 1
0.2 | 1
0.3 | 1
0.4 | 1
0.5 | 1
0.6 | 1
0.7 | 1
0.8 | 1
0.9 | 1
1 | 1
1.1 | 1
1.2 | 1
1.3 | 1
1.4 | 1
1.5 | 1
1.6 | 1
1.7 | 1
1.8 | 1
1.9 | 1
2 | 1
2.1 | 1
2.2 | 1
2.3 | 1
2.4 | 1
2.5 | 1
2.6 | 1
2.7 | 1
2.8 | 1
2.9 | 1
3 | 1
3.1 | 1
3.2 | 1
3.3 | 1
3.4 | 1
3.5 | 1
3.6 | 1
3.7 | 1
3.8 | 1
3.9 | 1
4 | 1
4.1 | 1
4.2 | 1
4.3 | 1
4.4 | 1
4.5 | 1
4.6 | 1
4.7 | 1
4.8 | 1
4.9 | 1
5 | 1
5.1 | 1
5.2 | 1
5.3 | 1
5.4 | 1
5.5 | 1
5.6 | 1
5.7 | 1
5.8 | 1
5.9 | 1
6 | 1
6.1 | 1
6.2 | 1
[35;40;1m_________Сумма квадратов табулированных косинуса и синуса___________[0m
0 | 1
0.1 | 1
0.2 | 1
0.3 | 1
0.4 | 1
0.5 | 1
0.6 | 1
0.7 | 1
0.8 | 1
0.9 | 1
1 | 1
1.1 | 1
1.2 | 1
1.3 | 1
1.4 | 1
1.5 | 1
1.6 | 1
1.7 | 1
1.8 | 1
1.9 | 1
2 | 1
2.1 | 1
2.2 | 1
2.3 | 1
2.4 | 1
2.5 | 1
2.6 | 1
2.7 | 1
2.8 | 1
2.9 | 1
3 | 1
3.1 | 1
3.2 | 1
3.3 | 1
3.4 | 1
3.5 | 1
3.6 | 1
3.7 | 1
3.8 | 1
3.9 | 1
4 | 1
4.1 | 1
4.2 | 1
4.3 | 1
4.4 | 1
4.5 | 1
4.6 | 1
4.7 | 1
4.8 | 1
4.9 | 1
5 | 1
5.1 | 1
5.2 | 1
5.3 | 1
5.4 | 1
5.5 | 1
5.6 | 1
5.7 | 1
5.8 | 1
5.9 | 1
6 | 1
6.1 | 1
6.2 | 1
[34;40;1m____streams___________________________________________________________________________________________[0m
[35;40;1m_________Сумма квадратов табулированных косинуса и синуса [updated: cos(0) = 5] ___________[0m
0 | 25
0.1 | 24.054
0.2 | 23.127
0.3 | 22.217
0.4 | 21.326
0.5 | 20.453
0.6 | 19.599
0.7 | 18.762
0.8 | 17.944
0.9 | 17.144
1 | 16.363
1.1 | 15.599
1.2 | 14.854
1.3 | 14.127
1.4 | 13.418
1.5 | 12.728
1.6 | 12.056
1.7 | 11.402
1.8 | 10.766
1.9 | 10.148
2 | 9.549
2.1 | 8.968
2.2 | 8.405
2.3 | 7.861
2.4 | 7.334
2.5 | 6.826
2.6 | 6.336
2.7 | 5.865
2.8 | 5.411
2.9 | 4.976
3 | 4.559
3.1 | 4.16
3.2 | 3.78
3.3 | 3.418
3.4 | 3.074
3.5 | 2.748
3.6 | 2.441
3.7 | 2.151
3.8 | 1.88
3.9 | 1.628
4 | 1.393
4.1 | 1.177
4.2 | 0.979
4.3 | 0.799
4.4 | 0.637
4.5 | 0.494
4.6 | 0.369
4.7 | 0.262
4.8 | 0.173
4.9 | 0.103
5 | 0.051
5.1 | 0.017
5.2 | 0.001
5.3 | 0.004
5.4 | 0.025
5.5 | 0.064
5.6 | 0.121
5.7 | 0.196
5.8 | 0.29
5.9 | 0.402
6 | 0.532
6.1 | 0.681
6.2 | 0.847
[35;40;1m_________tabulated EXP [initial] ___________[0m
0 | 1
1 | 2203.547
2 | 4406.093
3 | 6608.64
4 | 8811.186
5 | 11013.733
6 | 13216.279
7 | 15418.826
8 | 17621.373
9 | 19823.919
10 | 22026.466
[35;40;1m_________tabulated EXP [from file] ___________[0m
0 | 1
1 | 2203.547
2 | 4406.093
3 | 6608.64
4 | 8811.186
5 | 11013.733
6 | 13216.279
7 | 15418.826
8 | 17621.373
9 | 19823.919
10 | 22026.466
[35;40;1m_________tabulated LOG [initial] ___________[0m
1 | 0
2 | 0.256
3 | 0.512
4 | 0.768
5 | 1.023
6 | 1.279
7 | 1.535
8 | 1.791
9 | 2.047
10 | 2.303
[35;40;1m_________tabulated LOG [from file] ___________[0m
1 | 0
2 | 0.256
3 | 0.512
4 | 0.768
5 | 1.023
6 | 1.279
7 | 1.535
8 | 1.791
9 | 2.047
10 | 2.303
[34;40;1m____serialization___________________________________________________________________________________________[0m
[35;40;1m_________tabulated ln(exp(x)) [initial serialized] ___________[0m
0 | 0
1 | 1
2 | 2
3 | 3
4 | 4
5 | 5
6 | 6
7 | 7
8 | 8
9 | 9
10 | 10
[35;40;1m_________tabulated ln(exp(x)) [from file serialized] ___________[0m
1 | 1
2 | 2
3 | 3
4 | 4
5 | 5
6 | 6
7 | 7
8 | 8
9 | 9
10 | 10
